      0/54     9.11G   0.07372    0.6124         0    0.6862       672       640   0.04862    0.1852   0.01787  0.003091     0.103    0.1208         0
      1/54       11G   0.07301   0.06702         0      0.14       537       640    0.1296    0.2014   0.06201   0.01184    0.1022    0.1191         0
      2/54       11G     0.071   0.05662         0    0.1276       624       640    0.3019    0.3694    0.2359    0.0578   0.09531    0.1182         0
      3/54       11G    0.0651   0.06238         0    0.1275       590       640    0.4601    0.4454    0.4076    0.1294   0.08501    0.1292         0
      4/54       11G   0.05855   0.06767         0    0.1262       782       640    0.5637    0.5008    0.5161    0.1924   0.07966    0.1377         0
      5/54       11G   0.05444   0.07065         0    0.1251       584       640    0.6055    0.5439     0.574    0.2241   0.07526    0.1448         0
      6/54       11G   0.05147   0.07249         0     0.124       581       640    0.5878    0.6218    0.6122    0.2526   0.07154    0.1541         0
      7/54       11G   0.04956   0.07429         0    0.1238       329       640    0.6008    0.6068    0.6201    0.2711   0.07122    0.1578         0
      8/54       11G   0.04846   0.07344         0    0.1219       507       640    0.6346     0.587    0.6095    0.2464   0.07275    0.1609         0
      9/54       11G   0.04796   0.07547         0    0.1234       457       640    0.5987     0.644      0.64     0.271   0.07018     0.164         0
     10/54       11G   0.04709   0.07656         0    0.1236       670       640    0.6082    0.6193    0.6187    0.2596   0.07074    0.1651         0
     11/54       11G   0.04636   0.07804         0    0.1244       888       640    0.6748    0.6186    0.6725    0.2984   0.06943    0.1684         0
     12/54       11G   0.04554   0.07965         0    0.1252       535       640    0.6468    0.5952    0.6456    0.2878    0.0684    0.1676         0
     13/54       11G    0.0449   0.07619         0    0.1211       363       640    0.6499    0.6589    0.6792    0.2988   0.06868    0.1721         0
     14/54       11G   0.04494   0.07517         0    0.1201       414       640    0.6747    0.6633    0.7035    0.3232   0.06701    0.1706         0
     15/54       11G   0.04395   0.07679         0    0.1207       291       640    0.6704    0.6383     0.682     0.308   0.06729    0.1762         0
     16/54       11G   0.04357   0.07516         0    0.1187       540       640    0.6686    0.6666    0.7048     0.328   0.06639    0.1736         0
     17/54       11G   0.04317   0.07726         0    0.1204       574       640    0.6511    0.6592    0.6872    0.3134   0.06712    0.1779         0
     18/54       11G   0.04307   0.07688         0    0.1199       580       640    0.6622    0.6468    0.6951    0.3203   0.06612      0.18         0
     19/54       11G   0.04244   0.07556         0     0.118       799       640    0.6508    0.6792    0.6994    0.3208   0.06524    0.1827         0
     20/54       11G   0.04213   0.07582         0     0.118       333       640     0.653    0.6737    0.6968    0.3224    0.0668    0.1767         0
     21/54       11G   0.04222   0.07545         0    0.1177       493       640    0.6717     0.659    0.7011    0.3261   0.06524    0.1878         0
     22/54       11G   0.04182   0.07591         0    0.1177       684       640    0.6705    0.6724    0.7055    0.3269   0.06597    0.1796         0
     23/54       11G   0.04163   0.07601         0    0.1176       602       640    0.6519    0.6646      0.69    0.3251   0.06428    0.1901         0
     24/54       11G   0.04171    0.0739         0    0.1156       686       640    0.7049    0.6714    0.7299    0.3383   0.06447    0.1858         0
     25/54       11G   0.04117   0.07406         0    0.1152       721       640    0.6981     0.653    0.7148    0.3329   0.06514    0.1858         0
     26/54       11G   0.04103   0.07458         0    0.1156       414       640    0.6632    0.6937    0.7185    0.3344   0.06417    0.1886         0
     27/54       11G   0.04075   0.07455         0    0.1153       509       640    0.6868    0.6786    0.7177    0.3323    0.0637    0.1938         0
     28/54       11G   0.04081   0.07584         0    0.1166       824       640    0.6723    0.6874    0.7146    0.3356   0.06423    0.1912         0
     29/54       11G   0.04026   0.07633         0    0.1166       436       640    0.6669    0.6952      0.71    0.3299   0.06387    0.1956         0
     30/54       11G   0.04069   0.07413         0    0.1148       736       640    0.6679    0.6715    0.7004    0.3264   0.06351    0.1985         0
     31/54       11G   0.03985   0.07394         0    0.1138       612       640    0.6679    0.6792    0.7132     0.335    0.0633    0.1974         0
     32/54       11G   0.03998   0.07174         0    0.1117       726       640    0.7305    0.6433    0.7226    0.3378   0.06307    0.1984         0
     33/54       11G   0.03997   0.07337         0    0.1133       518       640    0.6936    0.6534     0.706    0.3301   0.06302    0.1995         0
     34/54       11G   0.03925    0.0735         0    0.1128       390       640    0.6893    0.6654    0.7122    0.3332   0.06295    0.2052         0
     35/54       11G    0.0391   0.07202         0    0.1111       525       640    0.6862    0.7039    0.7301    0.3432   0.06272    0.2029         0
     36/54       11G   0.03898   0.07202         0     0.111       516       640    0.7116    0.6707    0.7314    0.3492   0.06265    0.1993         0
     37/54       11G   0.03874   0.07036         0    0.1091       716       640     0.694    0.6863    0.7222    0.3418   0.06244    0.2036         0
     38/54       11G   0.03878   0.07229         0    0.1111       540       640    0.6764    0.7128    0.7275    0.3449   0.06239    0.2052         0
     39/54       11G   0.03867   0.07139         0    0.1101       318       640    0.6924    0.6784    0.7222    0.3394   0.06249    0.2075         0
     40/54       11G   0.03828   0.07078         0    0.1091       824       640    0.6975     0.674    0.7197    0.3414   0.06243    0.2026         0
     41/54       11G   0.03836   0.06972         0    0.1081       598       640    0.6854    0.6923    0.7219    0.3449   0.06183    0.2083         0
     42/54       11G   0.03805   0.07029         0    0.1083       445       640    0.7105    0.6782    0.7308     0.346   0.06154    0.2107         0
     43/54       11G   0.03826   0.07008         0    0.1083       707       640    0.7043    0.6918    0.7358     0.348   0.06186    0.2081         0
     44/54       11G   0.03778   0.06992         0    0.1077       761       640    0.7147    0.6765    0.7265    0.3433   0.06189    0.2101         0
     45/54       11G   0.03788   0.07012         0     0.108       426       640    0.7144    0.6803    0.7276    0.3467   0.06211    0.2103         0
     46/54       11G    0.0376   0.06911         0    0.1067       709       640    0.7206     0.666      0.73    0.3462   0.06149    0.2126         0
     47/54       11G   0.03737   0.07234         0    0.1097       459       640    0.7196     0.674    0.7243    0.3443   0.06141    0.2128         0
     48/54       11G   0.03752   0.06962         0    0.1071       417       640    0.7279    0.6485     0.719     0.338   0.06189    0.2155         0
     49/54       11G   0.03725   0.06939         0    0.1066       644       640    0.6868    0.6981    0.7228    0.3414   0.06195    0.2131         0
     50/54       11G   0.03732   0.06817         0    0.1055       613       640    0.7031    0.6819    0.7258    0.3445    0.0619    0.2137         0
     51/54       11G   0.03701   0.06883         0    0.1058       606       640    0.7357    0.6577    0.7251    0.3445   0.06139    0.2148         0
     52/54       11G   0.03723    0.0701         0    0.1073       497       640    0.7072    0.6702    0.7227    0.3453   0.06126    0.2159         0
     53/54       11G   0.03685   0.06958         0    0.1064       696       640    0.7444    0.6592    0.7272    0.3454   0.06127    0.2169         0
     54/54       11G   0.03703   0.07011         0    0.1071       512       640    0.6983    0.6844    0.7218    0.3412   0.06159    0.2167         0
